name: vertex_course
channels:
  - defaults
  - conda-forge
dependencies:
  - asttokens=2.4.1=pyhd8ed1ab_0
  - bzip2=1.0.8=h2bbff1b_6
  - ca-certificates=2024.3.11=haa95532_0
  - colorama=0.4.6=pyhd8ed1ab_0
  - comm=0.2.2=pyhd8ed1ab_0
  - debugpy=1.8.1=py311h12c1d0e_0
  - decorator=5.1.1=pyhd8ed1ab_0
  - exceptiongroup=1.2.0=pyhd8ed1ab_2
  - executing=2.0.1=pyhd8ed1ab_0
  - importlib-metadata=7.1.0=pyha770c72_0
  - importlib_metadata=7.1.0=hd8ed1ab_0
  - ipykernel=6.29.3=pyha63f2e9_0
  - ipython=8.24.0=pyh7428d3b_0
  - jedi=0.19.1=pyhd8ed1ab_0
  - jupyter_client=8.6.1=pyhd8ed1ab_0
  - jupyter_core=5.7.2=py311h1ea47a8_0
  - krb5=1.21.2=heb0366b_0
  - libffi=3.4.4=hd77b12b_1
  - libsodium=1.0.18=h8d14728_1
  - matplotlib-inline=0.1.7=pyhd8ed1ab_0
  - nest-asyncio=1.6.0=pyhd8ed1ab_0
  - openssl=3.3.0=hcfcfb64_0
  - packaging=24.0=pyhd8ed1ab_0
  - parso=0.8.4=pyhd8ed1ab_0
  - pickleshare=0.7.5=py_1003
  - pip=24.0=py311haa95532_0
  - platformdirs=4.2.1=pyhd8ed1ab_0
  - prompt-toolkit=3.0.42=pyha770c72_0
  - psutil=5.9.8=py311ha68e1ae_0
  - pure_eval=0.2.2=pyhd8ed1ab_0
  - pygments=2.18.0=pyhd8ed1ab_0
  - python=3.11.9=he1021f5_0
  - python_abi=3.11=2_cp311
  - pywin32=306=py311h12c1d0e_2
  - pyzmq=26.0.3=py311h484c95c_0
  - setuptools=69.5.1=py311haa95532_0
  - six=1.16.0=pyh6c4a22f_0
  - sqlite=3.45.3=h2bbff1b_0
  - stack_data=0.6.2=pyhd8ed1ab_0
  - tk=8.6.14=h0416ee5_0
  - tornado=6.4=py311ha68e1ae_0
  - traitlets=5.14.3=pyhd8ed1ab_0
  - typing_extensions=4.11.0=pyha770c72_0
  - ucrt=10.0.22621.0=h57928b3_0
  - vc=14.2=h21ff451_1
  - vc14_runtime=14.38.33130=h82b7239_18
  - vs2015_runtime=14.38.33130=hcb4865c_18
  - wcwidth=0.2.13=pyhd8ed1ab_0
  - wheel=0.43.0=py311haa95532_0
  - xz=5.4.6=h8cc25b3_1
  - zeromq=4.3.5=he1f189c_4
  - zipp=3.17.0=pyhd8ed1ab_0
  - zlib=1.2.13=h8cc25b3_1
  - pip:
      - aiofiles==23.2.1
      - aiohttp==3.9.5
      - aiosignal==1.3.1
      - anyio==4.3.0
      - attrs==23.2.0
      - certifi==2024.2.2
      - charset-normalizer==3.3.2
      - click==8.1.7
      - contourpy==1.2.1
      - cycler==0.12.1
      - filelock==3.14.0
      - fonttools==4.51.0
      - frozenlist==1.4.1
      - fsspec==2024.3.1
      - google-auth==2.29.0
      - h5py==3.11.0
      - huggingface-hub==0.23.0
      - idna==3.7
      - jinja2==3.1.4
      - jsonschema==4.22.0
      - jsonschema-specifications==2023.12.1
      - kiwisolver==1.4.5
      - linkify-it-py==2.0.3
      - markdown==3.6
      - markdown-it-py==2.2.0
      - markupsafe==2.1.5
      - matplotlib==3.8.4
      - mdit-py-plugins==0.3.3
      - mdurl==0.1.2
      - multidict==6.0.5
      - numpy==1.24.3
      - pandas==2.2.2
      - pillow==10.3.0
      - protobuf==4.25.3
      - pyasn1==0.6.0
      - pyasn1-modules==0.4.0
      - pybind11==2.12.0
      - pydantic==2.7.1
      - pydantic-core==2.18.2
      - pyparsing==3.1.2
      - python-dateutil==2.9.0.post0
      - pytz==2024.1
      - pyyaml==6.0.1
      - referencing==0.35.1
      - requests==2.31.0
      - rpds-py==0.18.1
      - sniffio==1.3.1
      # - tflite-support==0.1.0a1
      - toolz==0.12.1
      - tqdm==4.66.4
      - typing-extensions==4.6.1
      - tzdata==2024.1
      - uc-micro-py==1.0.3
      - urllib3==2.2.1
      - werkzeug==3.0.3
      - wrapt==1.16.0
      - yarl==1.9.4
      - tensorflow
      - gradio 
prefix: C:\Users\saoedoss\AppData\Local\miniconda3\envs\vertex_course
